{
  "model": {
    "patches": [
      [34,21,30,22,28,13,17,14,33,20,29,18,27,16,19,15],
      [21,30,22,35,13,17,14,23,20,29,18,31,16,19,15,24],
      [13,17,14,23,20,29,18,31,16,19,15,24,26,32,25,36],
      [28,13,17,14,33,20,29,18,27,16,19,15,37,26,32,25],
      [98,71,90,70,85,38,54,39,97,57,86,55,84,41,56,40],
      [72,91,73,99,42,58,43,75,61,87,59,92,45,60,44,74],
      [46,62,47,76,65,88,63,93,49,64,48,77,78,94,79,100],
      [82,50,66,51,96,69,89,67,83,53,68,52,101,81,95,80],
      [162,135,154,134,149,102,118,103,161,121,150,119,148,105,120,104],
      [136,155,137,163,106,122,107,139,125,151,123,156,109,124,108,138],
      [110,126,111,140,129,152,127,157,113,128,112,141,142,158,143,164],
      [146,114,130,115,160,133,153,131,147,117,132,116,165,145,159,144],
      [162,135,154,134,149,102,118,103,161,121,150,119],
      [148,161,149,162,105,121,102,135,120,150,118,154],
      [136,155,137,163,106,122,107,139,125,151,123,156],
      [163,139,156,138,137,107,123,108,155,122,151,124],
      [140,157,141,164,111,127,112,143,126,152,128,158],
      [164,143,158,142,141,112,128,113,157,127,152,129],
      [165,147,160,146,145,117,133,114,159,132,153,130],
      [144,159,145,165,116,132,117,147,131,153,133,160],
      [161,149,162,121,102,135,150,118,154],
      [155,137,163,122,107,139,151,123,156],
      [157,141,164,127,112,143,152,128,158],
      [159,145,165,132,117,147,153,133,160],
      [34,21,30,22,28,13,17,14,33,20,29,18],
      [35,23,31,24,22,14,18,15,30,17,29,19],
      [36,25,32,26,24,15,19,16,31,18,29,20],
      [37,27,33,28,26,16,20,13,32,19,29,17],
      [98,71,90,70,85,38,54,39,97,57,86,55],
      [99,75,92,74,73,43,59,44,91,58,87,60],
      [100,79,94,78,77,48,64,49,93,63,88,65],
      [101,83,96,82,81,53,69,50,95,68,89,66],
      [27,33,28,34,16,20,13,21,19,29,17,30],
      [21,30,22,35,13,17,14,23,20,29,18,31],
      [23,31,24,36,14,18,15,25,17,29,19,32],
      [25,32,26,37,15,19,16,27,18,29,20,33],
      [84,97,85,98,41,57,38,71,56,86,54,90],
      [72,91,73,99,42,58,43,75,61,87,59,92],
      [76,93,77,100,47,63,48,79,62,88,64,94],
      [80,95,81,101,52,68,53,83,67,89,69,96]
    ],
    "patchParams": [
[2, 0, 6, 0, 0],[2, 0, 6, 0, 0],[2, 0, 6, 0, 0],[2, 0, 6, 0, 0],[3, 0, 6, 0, 0],[3, 0, 6, 0, 0],[3, 0, 6, 0, 0],[3, 0, 6, 0, 0],[4, 0, 6, 0, 0],[4, 0, 6, 0, 0],[4, 0, 6, 0, 0],[4, 0, 6, 0, 0],
[4, 0, 8, 0, 0],[4, 3, 8, 0, 0],[4, 0, 8, 0, 0],[4, 1, 8, 0, 0],[4, 1, 8, 0, 0],[4, 2, 8, 0, 0],[4, 3, 8, 0, 0],[4, 2, 8, 0, 0],
[4, 3, 9, 0, 0],[4, 0, 9, 0, 0],[4, 1, 9, 0, 0],[4, 2, 9, 0, 0],
[2, 0, 8, 1, 1],[2, 1, 8, 1, 1],[2, 2, 8, 1, 1],[2, 3, 8, 1, 1],[3, 0, 8, 1, 1],[3, 1, 8, 1, 1],[3, 2, 8, 1, 1],[3, 3, 8, 1, 1],
[2, 3, 8, 1, 3],[2, 0, 8, 1, 3],[2, 1, 8, 1, 3],[2, 2, 8, 1, 3],[3, 3, 8, 1, 3],[3, 0, 8, 1, 3],[3, 1, 8, 1, 3],[3, 2, 8, 1, 3]    ],
    "vertexValences": [

    ],
    "maxValence": 4,
    "quadOffsets": [

    ],
    "stencilIndices": [
      [0,1,2,3],
[0,1],
[1,2],
[2,3],
[3,0],
[1,3,0],
[2,0,1],
[3,1,2],
[0,2,3],
[1,3,0,2],
[0,1,2,3],
[0,1,2,3],
[3,0,1,2],
[0,1,2,3],
[0,1,2,3],
[0,1,2,3],
[0,1,2,3],
[0,1,3],
[0,1,2],
[1,2,0],
[1,2,3],
[2,3,1],
[2,3,0],
[3,0,2],
[3,0,1],
[1,3,0,2],
[2,0,1,3],
[3,1,2,0],
[0,2,3,1],
[1,3,0,2],
[0,1,3],
[1,2,0],
[2,3,1],
[3,0,2],
[0,1,3,2],
[0,1,3,2],
[1,3,0,2],
[3,0,1,2],
[2,0,1,3],
[0,1,2,3],
[0,1,2,3],
[0,1,2,3],
[1,3,0,2],
[0,1,2,3],
[0,1,2,3],
[0,1,2,3],
[1,3,0,2],
[0,1,2,3],
[3,0,1,2],
[3,0,2,1],
[1,3,0,2],
[1,3,0,2],
[1,3,0,2],
[1,3,0,2],
[0,1,2,3],
[0,1,2,3],
[0,1,2,3],
[0,1,2,3],
[0,1,2,3],
[0,1,2,3],
[0,1,2,3],
[0,1,2,3],
[3,0,1,2],
[3,0,1,2],
[3,0,1,2],
[3,0,1,2],
[0,1,3,2],
[0,1,3],
[0,1,2,3],
[0,1,2],
[1,2,0,3],
[1,2,0],
[1,2,3,0],
[1,2,3],
[2,3,1,0],
[2,3,1],
[2,3,0,1],
[2,3,0],
[3,0,2,1],
[3,0,2],
[3,0,1,2],
[3,0,1],
[0,1,3,2],
[2,0,1,3],
[1,3,0,2],
[1,3,0,2],
[2,0,1,3],
[1,2,0,3],
[3,1,2,0],
[2,3,1,0],
[0,2,3,1],
[3,0,2,1],
[1,3,0,2],
[0,1,3,2],
[0,1,3],
[1,2,0],
[2,3,1],
[3,0,2],
[0,1,3,2],
[0,1,3,2],
[0,1,3,2],
[3,0,1,2],
[1,2,0,3],
[0,1,2,3],
[0,1,2,3],
[0,1,2,3],
[1,3,0,2],
[0,1,2,3],
[0,1,2,3],
[0,1,2,3],
[1,3,0,2],
[3,0,1,2],
[3,0,2,1],
[3,0,2,1],
[0,1,3,2],
[0,1,3,2],
[0,1,3,2],
[0,1,3,2],
[0,1,2,3],
[0,1,2,3],
[0,1,2,3],
[0,1,2,3],
[0,1,2,3],
[0,1,2,3],
[0,1,2,3],
[0,1,2,3],
[3,0,2,1],
[3,0,2,1],
[3,0,2,1],
[3,0,2,1],
[0,1,3,2],
[0,1,3],
[0,1,2,3],
[0,1,2],
[1,2,0,3],
[1,2,0],
[1,2,3,0],
[1,2,3],
[2,3,1,0],
[2,3,1],
[2,3,0,1],
[2,3,0],
[3,0,2,1],
[3,0,2],
[3,0,1,2],
[3,0,1],
[0,1,3,2],
[1,2,0,3],
[1,3,0,2],
[1,3,0,2],
[2,0,1,3],
[1,2,0,3],
[3,1,2,0],
[2,3,1,0],
[0,2,3,1],
[3,0,2,1],
[1,3,0,2],
[0,1,3,2],
[0,1,3],
[1,2,0],
[2,3,1],
[3,0,2]
    ],
    "stencilWeights": [
      [0.250000,0.250000,0.250000,0.250000]
,[0.500000,0.500000]
,[0.500000,0.500000]
,[0.500000,0.500000]
,[0.500000,0.500000]
,[0.125000,0.125000,0.750000]
,[0.125000,0.125000,0.750000]
,[0.125000,0.125000,0.750000]
,[0.125000,0.125000,0.750000]
,[0.218750,0.218750,0.500000,0.062500]
,[0.218750,0.500000,0.218750,0.062500]
,[0.062500,0.218750,0.500000,0.218750]
,[0.500000,0.218750,0.062500,0.218750]
,[0.367188,0.367188,0.132812,0.132812]
,[0.132812,0.367188,0.367188,0.132812]
,[0.132812,0.132812,0.367188,0.367188]
,[0.367188,0.132812,0.132812,0.367188]
,[0.625000,0.312500,0.062500]
,[0.312500,0.625000,0.062500]
,[0.625000,0.312500,0.062500]
,[0.312500,0.625000,0.062500]
,[0.625000,0.312500,0.062500]
,[0.312500,0.625000,0.062500]
,[0.625000,0.312500,0.062500]
,[0.312500,0.625000,0.062500]
,[0.250000,0.250000,0.250000,0.250000]
,[0.015625,0.484375,0.484375,0.015625]
,[0.015625,0.484375,0.484375,0.015625]
,[0.015625,0.484375,0.484375,0.015625]
,[0.015625,0.484375,0.484375,0.015625]
,[0.687500,0.156250,0.156250]
,[0.687500,0.156250,0.156250]
,[0.687500,0.156250,0.156250]
,[0.687500,0.156250,0.156250]
,[0.609375,0.187500,0.187500,0.015625]
,[0.494141,0.345703,0.107422,0.052734]
,[0.242188,0.242188,0.371094,0.144531]
,[0.345703,0.494141,0.107422,0.052734]
,[0.107422,0.345703,0.494141,0.052734]
,[0.187500,0.609375,0.187500,0.015625]
,[0.107422,0.494141,0.345703,0.052734]
,[0.242188,0.371094,0.242188,0.144531]
,[0.242188,0.242188,0.144531,0.371094]
,[0.052734,0.345703,0.494141,0.107422]
,[0.015625,0.187500,0.609375,0.187500]
,[0.052734,0.107422,0.494141,0.345703]
,[0.052734,0.494141,0.345703,0.107422]
,[0.242188,0.144531,0.242188,0.371094]
,[0.494141,0.107422,0.052734,0.345703]
,[0.609375,0.187500,0.187500,0.015625]
,[0.266113,0.144043,0.557129,0.032715]
,[0.293457,0.175293,0.433105,0.098145]
,[0.175293,0.293457,0.433105,0.098145]
,[0.144043,0.266113,0.557129,0.032715]
,[0.266113,0.557129,0.144043,0.032715]
,[0.144043,0.557129,0.266113,0.032715]
,[0.175293,0.433105,0.293457,0.098145]
,[0.293457,0.433105,0.175293,0.098145]
,[0.098145,0.293457,0.433105,0.175293]
,[0.032715,0.266113,0.557129,0.144043]
,[0.032715,0.144043,0.557129,0.266113]
,[0.098145,0.175293,0.433105,0.293457]
,[0.433105,0.293457,0.098145,0.175293]
,[0.433105,0.175293,0.098145,0.293457]
,[0.557129,0.144043,0.032715,0.266113]
,[0.557129,0.266113,0.032715,0.144043]
,[0.554688,0.398438,0.039062,0.007812]
,[0.656250,0.234375,0.109375]
,[0.398438,0.554688,0.039062,0.007812]
,[0.234375,0.656250,0.109375]
,[0.554688,0.398438,0.039062,0.007812]
,[0.656250,0.234375,0.109375]
,[0.398438,0.554688,0.039062,0.007812]
,[0.234375,0.656250,0.109375]
,[0.554688,0.398438,0.039062,0.007812]
,[0.656250,0.234375,0.109375]
,[0.398438,0.554688,0.039062,0.007812]
,[0.234375,0.656250,0.109375]
,[0.554688,0.398438,0.039062,0.007812]
,[0.656250,0.234375,0.109375]
,[0.398438,0.554688,0.039062,0.007812]
,[0.234375,0.656250,0.109375]
,[0.497070,0.219238,0.219238,0.064453]
,[0.219238,0.219238,0.497070,0.064453]
,[0.219238,0.219238,0.064453,0.497070]
,[0.064453,0.497070,0.219238,0.219238]
,[0.001953,0.615234,0.314453,0.068359]
,[0.615234,0.068359,0.314453,0.001953]
,[0.001953,0.615234,0.314453,0.068359]
,[0.615234,0.068359,0.314453,0.001953]
,[0.001953,0.615234,0.314453,0.068359]
,[0.615234,0.068359,0.314453,0.001953]
,[0.001953,0.615234,0.314453,0.068359]
,[0.615234,0.068359,0.314453,0.001953]
,[0.671875,0.164062,0.164062]
,[0.671875,0.164062,0.164062]
,[0.671875,0.164062,0.164062]
,[0.671875,0.164062,0.164062]
,[0.648438,0.173828,0.173828,0.003906]
,[0.609497,0.250610,0.127319,0.012573]
,[0.555176,0.204224,0.204224,0.036377]
,[0.250610,0.609497,0.127319,0.012573]
,[0.609497,0.127319,0.250610,0.012573]
,[0.173828,0.648438,0.173828,0.003906]
,[0.127319,0.609497,0.250610,0.012573]
,[0.204224,0.555176,0.204224,0.036377]
,[0.204224,0.204224,0.036377,0.555176]
,[0.012573,0.250610,0.609497,0.127319]
,[0.003906,0.173828,0.648438,0.173828]
,[0.012573,0.127319,0.609497,0.250610]
,[0.012573,0.609497,0.250610,0.127319]
,[0.555176,0.204224,0.036377,0.204224]
,[0.609497,0.127319,0.250610,0.012573]
,[0.648438,0.173828,0.173828,0.003906]
,[0.630890,0.211578,0.149506,0.008026]
,[0.582794,0.227112,0.165771,0.024323]
,[0.582794,0.165771,0.227112,0.024323]
,[0.630890,0.149506,0.211578,0.008026]
,[0.211578,0.630890,0.149506,0.008026]
,[0.149506,0.630890,0.211578,0.008026]
,[0.165771,0.582794,0.227112,0.024323]
,[0.227112,0.582794,0.165771,0.024323]
,[0.024323,0.227112,0.582794,0.165771]
,[0.008026,0.211578,0.630890,0.149506]
,[0.008026,0.149506,0.630890,0.211578]
,[0.024323,0.165771,0.582794,0.227112]
,[0.582794,0.227112,0.165771,0.024323]
,[0.582794,0.165771,0.227112,0.024323]
,[0.630890,0.149506,0.211578,0.008026]
,[0.630890,0.211578,0.149506,0.008026]
,[0.635742,0.274414,0.088867,0.000977]
,[0.664062,0.199219,0.136719]
,[0.274414,0.635742,0.088867,0.000977]
,[0.199219,0.664062,0.136719]
,[0.635742,0.274414,0.088867,0.000977]
,[0.664062,0.199219,0.136719]
,[0.274414,0.635742,0.088867,0.000977]
,[0.199219,0.664062,0.136719]
,[0.635742,0.274414,0.088867,0.000977]
,[0.664062,0.199219,0.136719]
,[0.274414,0.635742,0.088867,0.000977]
,[0.199219,0.664062,0.136719]
,[0.635742,0.274414,0.088867,0.000977]
,[0.664062,0.199219,0.136719]
,[0.274414,0.635742,0.088867,0.000977]
,[0.199219,0.664062,0.136719]
,[0.607773,0.188118,0.188118,0.015991]
,[0.607773,0.188118,0.188118,0.015991]
,[0.188118,0.188118,0.015991,0.607773]
,[0.015991,0.607773,0.188118,0.188118]
,[0.000244,0.653076,0.235596,0.111084]
,[0.653076,0.111084,0.235596,0.000244]
,[0.000244,0.653076,0.235596,0.111084]
,[0.653076,0.111084,0.235596,0.000244]
,[0.000244,0.653076,0.235596,0.111084]
,[0.653076,0.111084,0.235596,0.000244]
,[0.000244,0.653076,0.235596,0.111084]
,[0.653076,0.111084,0.235596,0.000244]
,[0.667969,0.166016,0.166016]
,[0.667969,0.166016,0.166016]
,[0.667969,0.166016,0.166016]
,[0.667969,0.166016,0.166016]

    ],
    "points": [
[0.000000,0.000000, 2.000000],
[2.000000,0.000000, -0.000000],
[0.000000,0.000000, -2.000000],
[-2.000000,0.000000, -0.000000]
    ],
    "hull":
    [0,1,1,2,2,3,3,0]
  }
}
